Matrix#A
2.1,2512,-2516
-1.3,8.8,-7.6
0.9,-6.2,4.6

Vector#a
6.5,-5.3,2.9

Matrix#B
1,2,3,4,0
5,6,7,8,0
9,18,1,2,34
3,4,5,2,77
45,0,33,12,12

Vector#b
6.5,-5.3,2.9,1.9,1.9

Matrix#C
1,0,0
0,1,0
0,0,1

Vector#c
0,0,1

Matrix#D
0.00035,1.2654
1.2547,1.3182

Vector#d
3.5267,6.8541

Matrix#F
2,-1,2
-1,2,-2
2,-2,5

Vector#f
6,-3,13

Matrix#Q
1,0
0.9999,0.0001

Matrix#R
0.00001,0
-0.00001,0.000000001

Vector#n
-0.00001,0.00001

Vector#m
0,0,0,0

Vector#o
1,1

Matrix#G
10,-1,2,0
-1,11,-1,3
2,-1,10,-1
0,3,-1,8

Vector#g
6,25,-11,15



Vector#13
13